20 100
0 1
0 2
0 3
0 4
0 6
0 9
0 11
0 12
0 13
0 16
1 5
1 6
1 7
1 9
1 10
1 14
1 15
1 16
1 19
2 3
2 4
2 5
2 7
2 8
2 9
2 10
2 11
2 16
2 17
2 18
3 4
3 6
3 10
3 11
3 16
3 19
4 6
4 7
4 8
4 10
4 14
4 15
4 16
4 17
4 18
4 19
5 6
5 7
5 9
5 12
5 16
5 18
5 19
6 8
6 9
6 11
6 12
6 13
6 14
7 8
7 9
7 14
7 15
7 16
7 17
8 9
8 10
8 11
8 13
8 15
8 16
8 17
8 18
8 19
9 12
9 13
9 17
10 11
10 15
10 19
11 12
11 13
11 17
12 16
12 17
12 19
13 14
13 15
13 16
13 17
13 18
13 19
14 18
14 19
15 17
15 18
16 17
16 18
16 19
18 19
