500 2000
0 22
0 46
0 62
0 181
0 193
0 247
0 271
0 311
0 320
0 325
0 378
0 408
0 442
1 20
1 79
1 155
1 251
1 333
1 429
1 447
2 16
2 39
2 71
2 131
2 179
2 229
2 403
2 412
2 433
2 481
3 19
3 21
3 52
3 139
3 161
3 226
3 323
3 334
3 368
3 387
3 432
4 5
4 113
4 129
4 307
4 325
4 333
4 361
4 494
5 14
5 139
5 179
5 336
5 438
5 446
6 10
6 15
6 36
6 64
6 202
6 263
6 300
6 403
6 415
6 485
7 36
7 135
7 197
7 218
7 251
7 272
7 353
8 91
8 100
8 126
8 128
8 182
8 222
8 267
8 286
8 435
8 454
9 29
9 130
9 159
9 173
9 387
10 105
10 111
10 195
10 258
10 316
10 480
11 35
11 42
11 134
11 143
11 165
11 166
11 401
11 475
12 61
12 76
12 90
12 92
12 103
12 186
12 209
12 239
12 452
12 456
13 54
13 89
13 128
13 131
13 257
13 344
14 35
14 158
14 290
14 296
14 361
14 381
14 445
15 56
15 86
15 236
15 366
15 487
16 81
16 86
16 224
16 269
16 498
17 69
17 294
17 307
17 361
17 431
17 434
17 452
17 458
18 65
18 76
18 196
18 210
18 217
18 252
18 266
18 270
18 400
18 451
18 470
19 126
19 242
19 311
19 360
19 383
20 63
20 258
20 260
20 320
20 325
21 157
21 205
21 218
21 231
21 266
21 284
21 296
21 485
22 58
22 59
22 87
22 105
22 255
22 280
22 465
23 131
23 164
23 190
23 259
23 261
23 262
23 270
23 306
23 369
23 404
24 57
24 88
24 90
24 211
25 242
25 288
25 388
25 392
25 394
25 436
25 490
26 105
26 151
26 186
26 248
26 300
26 328
26 361
26 413
27 28
27 41
27 66
27 107
27 201
27 220
27 229
27 362
27 437
28 87
28 189
28 270
28 299
28 339
28 361
28 371
28 410
28 427
28 454
28 488
29 59
29 78
29 161
29 237
29 264
29 335
29 368
29 428
29 449
30 46
30 54
30 72
30 203
30 217
30 251
30 282
30 305
30 340
30 373
30 450
31 117
31 229
32 52
32 122
32 151
32 154
32 188
32 196
32 297
32 449
32 472
32 491
33 65
33 152
33 254
33 303
33 342
34 96
34 142
34 167
34 185
34 264
34 422
34 432
35 134
35 138
35 451
35 469
36 100
36 127
36 259
36 308
36 404
36 455
37 44
37 143
37 193
37 203
37 240
37 284
37 297
37 343
37 466
38 54
38 69
38 113
38 147
38 170
38 223
38 227
38 242
38 331
38 332
38 412
38 435
38 441
38 464
38 486
39 94
39 109
39 183
39 184
39 192
39 446
40 44
40 80
40 117
40 221
40 234
40 293
40 297
40 426
40 476
40 495
41 69
41 92
41 216
41 234
41 348
42 124
42 125
42 140
42 221
42 241
42 256
42 261
42 280
42 283
42 284
42 300
42 325
42 338
42 368
42 376
42 418
42 464
43 74
43 81
43 164
43 199
43 222
43 250
43 255
43 275
43 486
43 491
44 156
44 396
45 82
45 200
45 209
45 284
45 483
46 130
46 134
46 183
46 334
46 456
46 464
47 272
47 407
47 424
47 456
48 84
48 153
48 295
48 492
49 50
49 51
49 63
49 128
49 154
49 393
49 464
50 86
50 196
50 248
50 323
50 327
50 379
50 400
50 458
50 483
51 80
51 96
51 370
51 372
51 392
51 399
51 432
51 476
52 82
52 171
52 199
52 220
52 416
53 63
53 109
53 179
53 197
53 302
53 330
53 337
53 341
53 371
53 431
54 235
54 264
54 430
54 439
54 450
54 458
55 71
55 93
55 172
55 218
55 310
55 339
55 392
55 393
55 417
55 421
55 463
55 483
55 499
56 237
56 250
56 381
56 402
57 88
57 115
57 208
57 244
57 329
57 335
57 336
57 390
57 438
57 440
57 481
58 82
58 101
58 328
58 344
58 441
59 69
59 189
59 190
59 205
59 226
60 115
60 126
60 236
60 250
60 365
60 432
60 449
61 228
61 271
61 419
62 124
62 125
62 162
62 286
62 303
62 337
62 414
62 424
63 191
63 221
63 259
63 295
63 347
63 360
63 376
63 481
64 130
64 210
64 215
64 288
64 486
65 236
65 472
66 142
66 153
66 157
66 215
66 259
66 280
66 338
66 476
67 70
67 121
67 135
67 197
67 246
67 300
67 332
67 356
67 366
67 426
67 429
68 116
68 246
68 294
68 406
69 77
69 111
69 114
69 128
69 129
69 167
69 232
69 245
69 257
69 352
69 363
69 392
69 439
69 481
70 158
70 295
70 315
70 411
70 437
70 458
71 152
71 161
71 209
71 217
71 269
71 280
71 292
71 304
71 468
72 197
72 259
72 270
72 283
72 391
72 441
72 455
73 148
73 214
73 277
73 289
73 328
73 362
73 457
74 93
74 233
74 363
74 408
74 473
74 477
74 491
75 269
75 364
75 446
75 487
76 337
76 407
77 161
77 230
77 393
78 122
78 126
78 137
79 91
79 264
79 384
79 443
80 270
80 338
80 406
80 499
81 103
81 114
81 209
81 309
81 396
81 458
82 121
82 169
82 284
82 307
82 331
82 435
82 453
82 463
82 490
83 172
83 226
83 262
83 300
83 350
83 361
83 380
83 490
83 493
84 130
84 288
84 301
84 308
84 327
84 340
85 93
85 264
85 275
85 338
85 392
85 479
86 185
86 187
86 226
86 453
86 465
86 485
87 123
87 143
87 181
87 279
87 308
87 309
87 342
87 353
87 382
87 431
88 282
88 360
88 419
88 429
88 435
89 91
89 110
89 154
89 205
89 237
89 268
89 306
89 386
89 416
89 479
89 485
90 136
90 144
90 161
90 184
90 195
90 198
90 202
90 254
90 341
90 358
90 469
91 114
91 150
91 276
91 277
91 418
91 424
91 444
91 480
91 482
91 488
92 101
92 107
92 474
93 126
93 131
93 308
94 145
94 149
94 308
94 484
95 174
95 180
95 190
95 210
95 399
95 499
96 135
96 261
96 292
96 313
96 315
96 330
96 434
96 481
97 100
97 157
97 271
97 370
97 402
98 295
98 325
98 356
98 392
98 425
98 463
98 486
99 277
99 319
100 346
100 387
100 454
100 459
101 251
101 256
101 370
101 398
101 467
101 498
102 235
102 341
102 481
103 161
103 288
103 423
104 161
104 345
104 351
104 363
104 375
105 301
105 318
105 449
105 477
106 247
106 260
106 337
106 340
106 373
106 446
107 132
107 204
107 241
107 249
107 258
107 288
107 346
107 365
107 436
107 470
107 471
107 478
107 498
108 122
108 150
108 156
108 349
108 360
108 362
108 429
109 124
109 158
109 169
109 186
109 289
109 492
109 495
110 202
110 356
110 388
110 469
110 494
111 238
111 277
111 348
111 374
111 383
112 114
112 351
112 452
113 279
113 347
113 391
113 435
114 168
114 211
114 356
114 371
114 455
114 473
115 141
116 253
116 274
116 320
116 354
116 383
116 392
116 421
117 153
117 156
117 158
117 280
117 294
117 314
117 324
117 360
117 394
118 143
118 216
118 245
118 272
118 389
118 438
119 196
119 425
119 439
119 444
120 190
120 276
120 281
120 363
120 379
120 409
120 433
120 449
120 450
121 152
121 159
121 474
122 179
122 272
122 294
122 328
123 142
123 268
123 277
123 284
123 304
123 362
123 399
123 437
123 444
124 139
124 219
124 307
124 329
124 333
124 395
124 406
124 414
124 429
125 131
125 182
125 186
125 302
125 385
125 451
126 180
126 190
126 202
126 327
126 401
126 402
126 430
126 444
127 150
127 205
127 215
127 306
127 357
127 410
127 412
127 450
128 139
128 188
128 237
128 257
128 260
128 424
129 166
129 263
129 328
129 349
129 411
130 142
130 197
130 254
130 294
130 351
130 404
130 476
131 173
131 202
131 283
131 350
131 368
131 392
131 436
131 450
131 473
131 484
132 265
132 413
132 457
132 463
133 148
133 185
133 193
133 263
133 281
133 291
133 304
133 343
133 387
134 147
134 181
134 226
134 259
134 333
134 379
134 444
135 149
135 207
135 208
135 431
135 453
136 309
136 359
136 360
136 435
136 469
137 191
137 225
137 251
137 373
137 386
137 424
138 167
138 171
138 225
138 256
138 270
138 400
138 458
139 187
139 194
139 195
139 231
139 254
139 333
139 342
139 398
139 458
140 177
140 190
140 199
140 278
140 289
140 435
140 468
140 496
141 153
141 179
141 186
141 199
141 221
141 235
141 280
141 355
141 375
141 402
142 148
142 360
142 492
143 273
143 326
143 347
143 438
144 243
144 283
144 302
144 306
144 367
144 410
145 472
146 224
146 370
146 411
146 428
147 207
147 216
147 223
147 267
147 292
147 353
147 455
147 457
147 470
148 337
148 422
149 151
149 197
149 314
149 340
149 412
149 421
149 437
149 458
150 267
150 292
150 397
151 159
151 235
151 291
151 329
151 347
151 360
151 403
151 415
151 482
152 256
152 305
152 347
152 496
153 260
153 433
153 443
154 173
154 335
154 355
154 371
154 380
154 386
154 477
155 232
155 293
155 382
155 462
155 496
156 239
156 377
156 468
157 159
157 173
157 176
157 181
157 203
157 229
157 230
157 303
157 307
157 425
158 200
158 203
158 225
158 242
158 367
158 484
159 262
159 412
159 419
159 421
159 427
160 163
160 198
160 221
160 257
160 271
160 290
160 302
160 389
160 398
160 444
160 458
161 169
161 176
161 230
161 235
161 277
161 346
161 388
162 252
162 313
162 339
162 396
162 442
162 482
163 236
163 258
163 317
163 370
163 433
163 466
164 401
164 417
164 464
165 209
165 322
165 348
165 401
165 486
166 376
166 480
166 495
167 315
167 421
167 440
167 454
168 181
168 313
168 441
169 170
169 407
169 434
169 450
169 466
169 497
170 362
170 456
171 276
171 295
171 329
171 358
171 386
171 399
172 186
172 236
172 243
172 347
172 348
172 350
172 425
172 427
172 472
172 491
173 254
173 347
173 456
174 207
174 220
174 335
174 344
174 367
174 478
174 489
175 210
175 375
175 428
175 481
176 177
176 230
176 301
176 325
176 368
176 483
177 234
177 263
177 264
177 372
177 400
177 488
178 276
179 331
179 350
179 377
179 418
179 456
180 243
180 320
180 351
180 429
180 498
181 245
181 275
181 345
181 433
181 482
181 494
182 211
182 250
182 340
182 390
182 472
183 262
183 279
183 286
183 306
183 313
183 346
183 348
183 377
183 470
184 195
184 289
184 325
185 397
185 422
185 477
185 492
186 213
186 342
186 381
187 361
187 408
187 414
187 444
187 476
188 400
188 474
188 475
189 274
189 365
189 408
189 439
189 440
190 216
190 298
190 299
190 346
190 364
190 405
190 425
190 447
191 335
191 489
192 229
192 302
192 318
192 319
192 339
192 389
193 209
193 289
193 322
193 325
193 334
193 425
194 226
194 396
194 397
194 461
194 484
195 290
195 336
195 421
196 211
196 251
196 295
196 382
196 405
196 430
196 484
197 278
197 294
197 313
197 316
197 330
198 305
198 324
198 333
198 334
198 369
199 205
199 270
199 329
199 481
200 238
200 385
200 456
201 203
201 470
202 355
202 439
202 444
202 495
204 226
204 232
204 327
204 339
204 411
204 457
205 228
205 358
205 404
205 460
205 468
205 493
206 212
206 301
206 424
207 243
207 259
207 381
207 447
208 215
208 223
208 280
208 302
208 416
209 354
209 427
210 220
210 232
210 249
210 263
210 277
210 292
210 336
210 469
211 244
211 269
211 342
211 368
211 469
211 492
212 269
212 367
212 370
212 443
213 314
213 315
213 354
213 372
213 398
214 351
214 355
215 301
215 378
215 398
215 412
215 445
215 463
215 475
216 218
216 339
216 361
216 417
216 424
216 446
216 466
217 336
217 399
218 225
218 259
218 260
218 269
218 469
219 280
219 304
219 396
219 446
220 259
220 288
220 297
220 433
221 325
221 327
221 404
222 287
222 299
222 404
223 238
223 267
223 296
223 324
223 329
224 251
224 254
224 420
225 272
225 342
225 388
226 358
226 467
226 474
226 494
227 279
227 298
227 365
228 251
228 264
228 306
228 378
228 424
228 437
228 456
229 246
229 346
229 373
229 378
229 440
229 469
229 471
230 421
231 287
231 441
231 480
232 238
232 326
232 329
232 331
232 386
233 295
233 299
233 311
234 319
234 332
234 339
235 237
235 264
235 293
235 304
235 346
236 257
236 320
236 350
236 369
237 349
238 251
238 350
238 469
238 470
238 471
239 294
240 268
240 387
240 411
240 415
241 340
241 446
242 252
242 281
242 306
242 330
242 492
243 324
243 326
243 409
243 491
244 289
244 294
244 315
244 354
244 357
244 431
244 462
245 374
245 481
245 484
246 254
246 405
246 412
246 469
247 353
247 355
247 365
247 372
248 253
248 297
248 421
249 309
249 325
249 400
249 490
250 305
250 362
250 442
250 448
251 349
252 409
252 427
252 432
252 471
253 319
253 375
253 392
253 430
253 449
253 486
254 326
254 348
254 390
254 399
254 448
254 461
255 275
255 321
255 350
255 378
255 418
255 484
256 445
256 463
256 486
257 296
257 314
257 335
257 336
257 352
257 432
258 282
258 353
259 326
259 358
259 393
259 470
259 491
260 339
260 344
260 394
260 410
260 492
260 499
261 354
261 460
261 490
262 275
262 287
262 317
262 472
263 290
263 314
263 318
263 326
263 426
263 437
263 439
263 443
263 479
264 378
264 383
265 365
265 377
265 397
265 399
265 486
266 339
266 358
266 428
266 438
266 490
266 496
267 294
268 290
268 395
269 377
269 379
269 422
269 464
270 284
270 290
270 368
270 484
271 353
271 440
271 454
271 484
272 350
272 366
272 443
273 276
273 459
274 280
274 445
275 407
275 450
275 482
276 305
276 384
276 404
276 428
276 483
277 375
277 402
277 403
277 415
277 466
279 475
279 490
280 288
280 301
280 371
280 379
280 442
281 319
281 373
281 375
281 426
281 439
281 496
283 350
283 445
283 497
284 303
284 325
284 459
284 499
285 357
285 429
285 430
286 323
286 332
286 370
286 394
286 441
286 454
287 290
287 382
287 388
287 483
288 297
289 308
289 344
289 370
289 396
289 428
289 449
289 483
289 489
290 393
290 402
290 408
290 446
290 447
290 449
290 450
291 292
291 359
291 375
291 425
292 295
292 382
292 472
293 335
293 439
293 441
293 494
294 424
294 448
294 499
295 326
295 361
296 309
296 325
296 404
296 429
296 486
297 320
297 340
297 375
297 428
297 433
297 462
298 337
298 368
298 396
299 343
299 353
299 404
299 447
300 368
300 472
300 494
301 495
302 404
302 429
302 465
302 487
303 333
303 334
303 387
303 487
304 355
304 372
304 387
304 398
304 403
304 456
304 460
304 493
304 497
305 317
305 378
305 382
305 399
305 424
305 425
305 434
306 375
307 310
308 347
308 382
308 440
309 324
310 311
310 337
310 442
310 455
311 439
311 445
311 465
312 317
312 378
312 379
312 386
313 349
313 357
313 377
313 467
314 367
314 452
314 465
314 473
314 476
315 334
315 370
315 435
316 376
316 403
316 414
317 492
318 404
318 428
318 442
319 336
319 368
319 443
319 494
320 326
320 421
320 446
321 379
321 392
321 457
321 477
321 484
322 372
322 482
323 429
323 475
323 483
323 494
324 325
324 342
324 380
324 382
325 445
325 483
326 386
326 489
326 497
327 350
327 432
327 451
328 359
328 462
328 476
328 490
329 373
329 390
329 408
330 398
331 356
332 376
332 424
332 457
333 395
334 342
334 369
334 428
334 439
335 343
335 373
335 390
335 422
335 483
335 490
336 379
337 396
337 428
338 477
338 489
339 380
339 417
339 446
339 464
339 483
340 360
340 422
340 425
341 350
341 446
342 368
345 423
346 428
346 451
346 482
347 351
347 392
347 409
347 416
347 454
347 460
348 358
348 379
348 405
348 461
349 415
349 428
349 466
350 352
350 355
350 359
350 457
351 364
351 499
352 358
352 408
352 416
352 434
352 470
353 408
353 418
353 426
353 437
353 466
353 497
354 366
354 389
354 494
355 449
356 417
356 452
356 458
356 487
357 364
357 418
358 395
358 467
358 493
359 436
360 472
361 406
361 496
362 470
363 400
363 436
363 497
364 434
364 489
365 382
365 437
366 394
366 402
367 467
367 488
367 489
367 496
368 398
368 402
368 415
369 417
370 458
370 496
370 499
371 398
371 418
372 408
372 448
373 451
373 456
373 458
374 458
374 492
375 397
375 433
376 467
376 468
376 491
377 395
377 400
378 408
378 428
378 434
378 447
378 479
379 488
380 495
381 430
382 421
382 432
382 444
383 386
384 417
386 398
386 430
386 461
386 462
386 492
387 412
388 458
388 487
390 476
393 417
393 456
393 480
393 492
394 433
394 488
397 416
398 486
399 422
399 452
399 481
399 496
401 426
401 473
401 474
402 438
402 459
402 478
403 418
403 428
404 413
406 499
407 459
409 418
410 448
411 495
411 499
412 467
412 479
413 417
413 420
413 456
413 458
414 421
414 424
414 475
415 487
416 428
417 446
417 469
417 475
417 496
418 493
418 496
419 421
421 472
422 430
422 495
423 455
424 492
425 441
426 466
426 490
428 474
428 482
430 467
431 462
431 493
433 458
433 460
433 484
433 490
436 460
437 440
438 496
439 488
440 451
440 496
443 445
443 454
446 454
446 460
446 464
447 448
447 451
448 485
449 493
450 483
450 498
451 465
451 483
455 465
455 493
457 485
458 498
459 466
461 488
467 477
472 478
472 487
475 481
477 499
485 491
485 495
488 490
490 499
